Input for DFS/BFS
0 1 1 0 0 1 0 0 1 0 1 0 0 0 1 0 1 0 0 0 0 0 1 0 0

Input for MST:
Example in Corman Text

0 4 0 0 0 0 0 8 0 4 0 8 0 0 0 0 11 0 0 8 0 7 0 4 0 0 2 0 0 7 0 9 0 0 0 0 0 0 0 9 0 10 0 0 0 0 0 4 0 10 0 2 0 0 0 0 0 0 0 2 0 1 6 8 11 0 0 0 0 1 0 0 0 0 2 0 0 0 6 0 0



Input from internet	
0 4 0 9 0 0 0 4 0 6 14 10 0 0 0 6 0 0 12 15 0 9 14 0 0 1 0 7 0 10 12 1 0 16 11 0 0 15 0 16 0 0 0 0 0 7 11 0 0





0 1 0 0 0 0 0 1 0 1 0 1 0 0 0 0 1 0 0 1 0 1 0 1 0 0 1 0 0 1 0 1 0 0 0 0 0 0 0 1 0 1 0 0 0 0 0 1 0 1 0 1 0 0 0 0 0 0 0 1 0 1 1 1 1 0 0 0 0 1 0 0 0 0 1 0 0 0 1 0 0
